000011111
000101111
000110111
000111011
000111101
000111110
001001111
001010111
001011011
001011101
001011110
001100111
001101011
001101101
001110101
001110110
001111001
001111010
001111100
010001111
010010111
010011011
010011110
010100111
010110011
010110110
010111001
010111010
010111100
011000111
011001011
011001101
011010011
011010101
011010110
011011001
011011010
011011100
011101001
011110010
011110100
011111000
100001111
100010111
100011011
100011101
100100111
100101101
100101110
100110011
100110101
100110110
100111001
100111010
100111100
101000111
101001011
101001101
101010011
101010101
101010110
101011001
101011100
101100101
101100110
101101001
101101100
101110001
101110100
101111000
110000111
110010011
110010101
110010110
110011001
110011010
110100101
110100110
110101100
110110001
110110010
110110100
110111000
111000011
111000101
111000110
111001001
111001010
111001100
111010001
111010010
111010100
111011000
111100001
111100010
111100100
111101000
111110000
